<?xml version="1.0"?>
<opencv_storage>
<model>
  <_ type_id="opencv-matrix">
    <rows>500</rows>
    <cols>40</cols>
    <dt>u</dt>
    <data>
      0 0 0 0 0 0 0 0 0 0 0 0 0 0 0 0 0 0 0 0 255 255 255 255 255 255
      255 255 255 255 255 255 255 255 255 255 255 255 255 255 0 0 0 0 0
      0 0 0 0 0 0 0 0 0 0 0 0 0 0 0 255 255 255 255 255 255 255 255 255
      255 255 255 255 255 255 255 255 255 255 255 0 0 0 0 0 0 0 0 0 0 0
      0 0 0 0 0 0 0 0 0 255 255 255 255 255 255 255 255 255 255 255 255
      255 255 255 255 255 255 255 255 0 0 0 0 0 0 0 0 0 0 0 0 0 0 0 0 0
      0 0 0 255 255 255 255 255 255 255 255 255 255 255 255 255 255 255
      255 255 255 255 255 0 0 0 0 0 0 0 0 0 0 0 0 0 0 0 0 0 0 0 0 255
      255 255 255 255 255 255 255 255 255 255 255 255 255 255 255 255
      255 255 255 0 0 0 0 0 255 255 255 255 255 255 255 255 255 255 255
      255 255 255 255 255 255 255 255 255 255 255 255 255 255 255 255
      255 255 255 255 255 255 255 255 0 0 0 0 0 255 255 255 255 255 255
      255 255 255 255 255 255 255 255 255 255 255 255 255 255 255 255
      255 255 255 255 255 255 255 255 255 255 255 255 255 0 0 0 0 0 255
      255 255 255 255 255 255 255 255 255 255 255 255 255 255 255 255
      255 255 255 255 255 255 255 255 255 255 255 255 255 255 255 255
      255 255 0 0 0 0 0 255 255 255 255 255 255 255 255 255 255 255 255
      255 255 255 255 255 255 255 255 255 255 255 255 255 255 255 255
      255 255 255 255 255 255 255 0 0 0 0 0 255 255 255 255 255 255 255
      255 255 255 255 255 255 255 255 255 255 255 255 255 255 255 255
      255 255 255 255 255 255 255 255 255 255 255 255 0 0 0 0 0 0 0 0 0
      0 0 0 0 0 0 0 0 0 0 0 255 255 255 255 255 255 255 255 255 255 255
      255 255 255 255 255 255 255 255 255 0 0 0 0 0 0 0 0 0 0 0 0 0 0 0
      0 0 0 0 0 255 255 255 255 255 255 255 255 255 255 255 255 255 255
      255 255 255 255 255 255 0 0 0 0 0 0 0 0 0 0 0 0 0 0 0 0 0 0 0 0
      255 255 255 255 255 255 255 255 255 255 255 255 255 255 255 255
      255 255 255 255 0 0 0 0 0 0 0 0 0 0 0 0 0 0 0 0 0 0 0 0 255 255
      255 255 255 255 255 255 255 255 255 255 255 255 255 255 255 255
      255 255 0 0 0 0 0 0 0 0 0 0 0 0 0 0 0 0 0 0 0 0 255 255 255 255
      255 255 255 255 255 255 255 255 255 255 255 255 255 255 255 255 0
      0 0 0 0 255 255 255 255 255 255 255 255 255 255 255 255 255 255
      255 255 255 255 255 255 255 255 255 255 255 255 255 255 255 255
      255 255 255 255 255 0 0 0 0 0 255 255 255 255 255 255 255 255 255
      255 255 255 255 255 255 255 255 255 255 255 255 255 255 255 255
      255 255 255 255 255 255 255 255 255 255 0 0 0 0 0 255 255 255 255
      255 255 255 255 255 255 255 255 255 255 255 255 255 255 255 255
      255 255 255 255 255 255 255 255 255 255 255 255 255 255 255 0 0 0
      0 0 255 255 255 255 255 255 255 255 255 255 255 255 255 255 255
      255 255 255 255 255 255 255 255 255 255 255 255 255 255 255 255
      255 255 255 255 0 0 0 0 0 255 255 255 255 255 255 255 255 255 255
      255 255 255 255 255 255 255 255 255 255 255 255 255 255 255 255
      255 255 255 255 255 255 255 255 255 0 0 0 0 0 0 0 0 0 0 0 0 0 0 0
      0 0 0 0 0 255 255 255 255 255 255 255 255 255 255 255 255 255 255
      255 255 255 255 255 255 0 0 0 0 0 0 0 0 0 0 0 0 0 0 0 0 0 0 0 0
      255 255 255 255 255 255 255 255 255 255 255 255 255 255 255 255
      255 255 255 255 0 0 0 0 0 0 0 0 0 0 0 0 0 0 0 0 0 0 0 0 255 255
      255 255 255 255 255 255 255 255 255 255 255 255 255 255 255 255
      255 255 0 0 0 0 0 0 0 0 0 0 0 0 0 0 0 0 0 0 0 0 255 255 255 255
      255 255 255 255 255 255 255 255 255 255 255 255 255 255 255 255 0
      0 0 0 0 0 0 0 0 0 0 0 0 0 0 0 0 0 0 0 255 255 255 255 255 255 255
      255 255 255 255 255 255 255 255 255 255 255 255 255 255 255 255
      255 255 255 255 255 255 255 255 255 255 255 255 255 255 255 255
      255 0 0 0 0 0 0 0 0 0 0 0 0 0 0 0 0 0 0 0 0 255 255 255 255 255
      255 255 255 255 255 255 255 255 255 255 255 255 255 255 255 0 0 0
      0 0 0 0 0 0 0 0 0 0 0 0 0 0 0 0 0 255 255 255 255 255 255 255 255
      255 255 255 255 255 255 255 255 255 255 255 255 0 0 0 0 0 0 0 0 0
      0 0 0 0 0 0 0 0 0 0 0 255 255 255 255 255 255 255 255 255 255 255
      255 255 255 255 255 255 255 255 255 0 0 0 0 0 0 0 0 0 0 0 0 0 0 0
      0 0 0 0 0 255 255 255 255 255 255 255 255 255 255 255 255 255 255
      255 255 255 255 255 255 0 0 0 0 0 0 0 0 0 0 0 0 0 0 0 0 0 0 0 0
      255 255 255 255 255 255 255 255 255 255 255 255 255 255 255 255
      255 255 255 255 255 255 255 255 255 255 255 255 255 255 255 255
      255 255 255 0 0 0 0 0 255 255 255 255 255 255 255 255 255 255 255
      255 255 255 255 255 255 255 255 255 255 255 255 255 255 255 255
      255 255 255 255 255 255 255 255 0 0 0 0 0 255 255 255 255 255 255
      255 255 255 255 255 255 255 255 255 255 255 255 255 255 255 255
      255 255 255 255 255 255 255 255 255 255 255 255 255 0 0 0 0 0 255
      255 255 255 255 255 255 255 255 255 255 255 255 255 255 255 255
      255 255 255 255 255 255 255 255 255 255 255 255 255 255 255 255
      255 255 0 0 0 0 0 255 255 255 255 255 255 255 255 255 255 255 255
      255 255 255 255 255 255 255 255 255 255 255 255 255 255 255 255
      255 255 255 255 255 255 255 0 0 0 0 0 255 255 255 255 255 255 255
      255 255 255 255 255 255 255 255 255 255 255 255 255 0 0 0 0 0 0 0
      0 0 0 0 0 0 0 0 0 0 0 0 0 255 255 255 255 255 255 255 255 255 255
      255 255 255 255 255 255 255 255 255 255 0 0 0 0 0 0 0 0 0 0 0 0 0
      0 0 0 0 0 0 0 255 255 255 255 255 255 255 255 255 255 255 255 255
      255 255 255 255 255 255 255 0 0 0 0 0 0 0 0 0 0 0 0 0 0 0 0 0 0 0
      0 255 255 255 255 255 255 255 255 255 255 255 255 255 255 255 255
      255 255 255 255 0 0 0 0 0 0 0 0 0 0 0 0 0 0 0 0 0 0 0 0 255 255
      255 255 255 255 255 255 255 255 255 255 255 255 255 255 255 255
      255 255 0 0 0 0 0 0 0 0 0 0 0 0 0 0 0 0 0 0 0 0 255 255 255 255
      255 255 255 255 255 255 255 255 255 255 255 255 255 255 255 255
      255 255 255 255 255 255 255 255 255 255 255 255 255 255 255 0 0 0
      0 0 255 255 255 255 255 255 255 255 255 255 255 255 255 255 255
      255 255 255 255 255 255 255 255 255 255 255 255 255 255 255 255
      255 255 255 255 0 0 0 0 0 255 255 255 255 255 255 255 255 255 255
      255 255 255 255 255 255 255 255 255 255 255 255 255 255 255 255
      255 255 255 255 255 255 255 255 255 0 0 0 0 0 255 255 255 255 255
      255 255 255 255 255 255 255 255 255 255 255 255 255 255 255 255
      255 255 255 255 255 255 255 255 255 255 255 255 255 255 0 0 0 0 0
      255 255 255 255 255 255 255 255 255 255 255 255 255 255 255 255
      255 255 255 255 255 255 255 255 255 255 255 255 255 255 255 255
      255 255 255 0 0 0 0 0 255 255 255 255 255 255 255 255 255 255 255
      255 255 255 255 255 255 255 255 255 0 0 0 0 0 0 0 0 0 0 0 0 0 0 0
      0 0 0 0 0 255 255 255 255 255 255 255 255 255 255 255 255 255 255
      255 255 255 255 255 255 0 0 0 0 0 0 0 0 0 0 0 0 0 0 0 0 0 0 0 0
      255 255 255 255 255 255 255 255 255 255 255 255 255 255 255 255
      255 255 255 255 0 0 0 0 0 0 0 0 0 0 0 0 0 0 0 0 0 0 0 0 255 255
      255 255 255 255 255 255 255 255 255 255 255 255 255 255 255 255
      255 255 0 0 0 0 0 0 0 0 0 0 0 0 0 0 0 0 0 0 0 0 255 255 255 255
      255 255 255 255 255 255 255 255 255 255 255 255 255 255 255 255 0
      0 0 0 0 0 0 0 0 0 0 0 0 0 0 0 0 0 0 0 0 0 0 0 0 0 0 0 0 0 0 0 0 0
      0 0 0 0 0 0 255 255 255 255 255 255 255 255 255 255 255 255 255
      255 255 255 255 255 255 255 0 0 0 0 0 0 0 0 0 0 0 0 0 0 0 0 0 0 0
      0 255 255 255 255 255 255 255 255 255 255 255 255 255 255 255 255
      255 255 255 255 0 0 0 0 0 0 0 0 0 0 0 0 0 0 0 0 0 0 0 0 255 255
      255 255 255 255 255 255 255 255 255 255 255 255 255 255 255 255
      255 255 0 0 0 0 0 0 0 0 0 0 0 0 0 0 0 0 0 0 0 0 255 255 255 255
      255 255 255 255 255 255 255 255 255 255 255 255 255 255 255 255 0
      0 0 0 0 0 0 0 0 0 0 0 0 0 0 0 0 0 0 0 255 255 255 255 255 255 255
